WTgenotype	met1	met4	ing	cama	hydgl	i3ca	i3cag	indol3nit	iaa
V1_c_GA1_1_1759	WT_sterile	644521	89327	776877	104	22923	1038	71804	4865	480
V2_c_GA2_1_1760	WT_sterile	617755	49276	271750	39	5668	578	19520	3836	313
V3_c_GA3_1_1761	WT_sterile	810550	149837	1191790	2322	49279	4070	155017	9884	1221
V4_c_GA4_1_1762	WT_sterile	823832	54470	387861	712	12092	1647	88724	4839	338
V5_c_GA5_1_1763	WT_sterile	206112	18142	115826	378	2339	498	29473	783	88
V6_pc_GA6_1_1764	WT_Pc	457075	54475	179794	18694	3663	5968	87369	4795	3328
V7_pc_GA7_1_1765	WT_Pc	463542	29268	129904	11491	1592	4443	55526	3304	2661
V8_pc_GA8_1_1766	WT_Pc	125408	8463	22292	4285	408	607	14362	1391	725
V9_pc_GA9_1_1767	WT_Pc	194550	12728	45958	3716	801	1410	17285	1137	625
V10_pc_GA10_1_1768	WT_Pc	389500	191575	317611	33178	6034	11081	132652	18167	5164
V16_pc_GD7_1_1804	cyp71a27_Pc	778051	124657	538537	51802	10787	14514	184909	8862	4957
V17_pc_GD8_1_1805	cyp71a27_Pc	369277	365746	254350	34315	5167	9377	112136	4571	4672
V18_pc_GD9_1_1806	cyp71a27_Pc	344536	60723	160008	25032	2376	7571	89417	4378	3719
V19_pc_GD10_1_1807	cyp71a27_Pc	507054	35669	138840	18912	2149	4105	77768	4335	2701
V20_pc_GD11_1_1808	cyp71a27_Pc	553467	64624	225781	19534	3676	10120	110787	7343	2948
V11_pc_GC9_1_1793	cyp71a12a13_Pc	631186	179081	446335	1323	7158	5180	37869	11775	7044
V12_pc_GC10_1_1794	cyp71a12a13_Pc	451442	28913	100950	231	1433	2116	12847	3215	2603
V13_pc_GC11_1_1795	cyp71a12a13_Pc	516439	236172	320667	601	5198	6411	44244	7746	9461
V14_pc_GC12_1_1796	cyp71a12a13_Pc	392058	36639	150990	199	1854	2040	21458	3789	4475
V15_pc_GD1_1_1798	cyp71a12a13_Pc	593755	109655	349224	725	5300	6412	53406	8912	7449
V21_pc_GB11_1_1782	cyp79b2/b3_Pc	45	148	26	136	40	738	4070	50	77
V22_pc_GB12_1_1783	cyp79b2/b3_Pc	12	57	98	64	28	852	4488	142	36
V23_pc_GC1_1_1785	cyp79b2/b3_Pc	120	62	18	55	28	270	1124	60	26
V24_pc_GC2_1_1786	cyp79b2/b3_Pc	62	165	60	87	42	822	4498	73	47
V25_pc_GC3_1_1787	cyp79b2/b3_Pc	103	120	77	82	19	641	3341	118	76
V26_51	myb34/51/122_Pc	1643	168	240	5622	0	602	5693	125	67
V27_51	myb34/51/122_Pc	7615	12414	2321	54033	23	9452	76538	219	110
V28_51	myb34/51/122_Pc	5593	5924	1884	53056	119	7347	72299	216	119
V29_51	myb34/51/122_Pc	2546	240	278	6462	0	1510	8504	89	38
V30_51	myb34/51/122_Pc	2231	143	150	4517	38	873	6931	90	22
V31_pc_GB7_1_1778	pen2/pad3_Pc	212661	16729	62064	243	707	2335	28105	977	992
V32_pc_GB8_1_1779	pen2/pad3_Pc	634955	186538	404392	1675	5220	14054	154172	9132	4785
V33_pc_GB9_1_1780	pen2/pad3_Pc	311725	29132	96295	567	1088	3023	41994	1048	1576
V34_pc_GB10_1_1781	pen2/pad3_Pc	579958	39962	124336	451	1873	2600	55495	819	2009
V35_pc_GB4_1_1775	pad3_Pc	404538	88356	436873	545	5545	24646	191219	5720	5962
V36_pc_GB5_1_1776	pad3_Pc	401216	31601	248855	323	2978	12714	112796	2437	4854
V37_pc_GB6_1_1777	pad3_Pc	421739	42840	410695	506	6956	7364	147496	1849	5788
V38_pc_GA11_1_1769	pen2_Pc	681455	41295	91630	9003	1260	2874	42623	5150	1566
V39_pc_GA12_1_1770	pen2_Pc	707848	208291	377088	45309	6654	9186	134912	14843	5000
V40_pc_GB1_1_1772	pen2_Pc	832327	332626	507589	45819	10416	11526	186878	14018	4888
V41_pc_GB2_1_1773	pen2_Pc	415389	435094	246615	33242	6086	9127	108093	14117	4272
V42_pc_GB3_1_1774	pen2_Pc	741069	426305	334588	34360	10066	10114	142213	25481	5668
V43_pc_GD2_1_1799	pyk10/bglu21_Pc	367818	41506	352424	71483	5006	9160	138449	950	4607
V44_pc_GD3_1_1800	pyk10/bglu21_Pc	536410	129349	447316	81447	6818	17511	215224	3105	5915
V45_pc_GD4_1_1801	pyk10/bglu21_Pc	439426	44349	290299	28621	4005	7000	122449	804	3636
V46_pc_GD5_1_1802	pyk10/bglu21_Pc	510165	193448	412920	49340	6584	19673	188714	2052	5829
V47_pc_GD6_1_1803	pyk10/bglu21_Pc	463776	129537	398831	58659	5812	12363	204611	1175	5764
